timeStamp,elapsed,label,responseCode,responseMessage,threadName,dataType,success,failureMessage,bytes,sentBytes,grpThreads,allThreads,URL,Latency,IdleTime,Connect
1603450014483,1002,query4 PostgreSQL,200,OK,Groep 1 1-1,text,true,,217,249,1,1,http://localhost:5000/graphql,1002,0,2
1603450015485,942,query4 PostgreSQL,200,OK,Groep 1 1-1,text,true,,217,249,1,1,http://localhost:5000/graphql,942,0,1
1603450016427,894,query4 PostgreSQL,200,OK,Groep 1 1-1,text,true,,217,249,1,1,http://localhost:5000/graphql,894,0,1
1603450017322,932,query4 PostgreSQL,200,OK,Groep 1 1-1,text,true,,217,249,1,1,http://localhost:5000/graphql,932,0,0
1603450018254,831,query4 PostgreSQL,200,OK,Groep 1 1-1,text,true,,217,249,1,1,http://localhost:5000/graphql,831,0,1
1603450019085,846,query4 PostgreSQL,200,OK,Groep 1 1-1,text,true,,217,249,1,1,http://localhost:5000/graphql,846,0,1
1603450019931,821,query4 PostgreSQL,200,OK,Groep 1 1-1,text,true,,217,249,1,1,http://localhost:5000/graphql,821,0,1
1603450020754,833,query4 PostgreSQL,200,OK,Groep 1 1-1,text,true,,217,249,1,1,http://localhost:5000/graphql,833,0,0
1603450021587,833,query4 PostgreSQL,200,OK,Groep 1 1-1,text,true,,217,249,1,1,http://localhost:5000/graphql,833,0,1
1603450022420,841,query4 PostgreSQL,200,OK,Groep 1 1-1,text,true,,217,249,1,1,http://localhost:5000/graphql,841,0,0
1603450023261,836,query4 PostgreSQL,200,OK,Groep 1 1-1,text,true,,217,249,1,1,http://localhost:5000/graphql,836,0,1
1603450024097,822,query4 PostgreSQL,200,OK,Groep 1 1-1,text,true,,217,249,1,1,http://localhost:5000/graphql,822,0,1
1603450024920,839,query4 PostgreSQL,200,OK,Groep 1 1-1,text,true,,217,249,1,1,http://localhost:5000/graphql,839,0,0
1603450025758,833,query4 PostgreSQL,200,OK,Groep 1 1-1,text,true,,217,249,1,1,http://localhost:5000/graphql,833,0,0
1603450026592,839,query4 PostgreSQL,200,OK,Groep 1 1-1,text,true,,217,249,1,1,http://localhost:5000/graphql,839,0,0
1603450027431,820,query4 PostgreSQL,200,OK,Groep 1 1-1,text,true,,217,249,1,1,http://localhost:5000/graphql,820,0,1
1603450028251,853,query4 PostgreSQL,200,OK,Groep 1 1-1,text,true,,217,249,1,1,http://localhost:5000/graphql,853,0,0
1603450029104,872,query4 PostgreSQL,200,OK,Groep 1 1-1,text,true,,217,249,1,1,http://localhost:5000/graphql,871,0,0
1603450029976,859,query4 PostgreSQL,200,OK,Groep 1 1-1,text,true,,217,249,1,1,http://localhost:5000/graphql,859,0,0
1603450030836,830,query4 PostgreSQL,200,OK,Groep 1 1-1,text,true,,217,249,1,1,http://localhost:5000/graphql,830,0,0
1603450031666,823,query4 PostgreSQL,200,OK,Groep 1 1-1,text,true,,217,249,1,1,http://localhost:5000/graphql,823,0,0
1603450032489,831,query4 PostgreSQL,200,OK,Groep 1 1-1,text,true,,217,249,1,1,http://localhost:5000/graphql,830,0,0
1603450033320,829,query4 PostgreSQL,200,OK,Groep 1 1-1,text,true,,217,249,1,1,http://localhost:5000/graphql,829,0,0
1603450034150,852,query4 PostgreSQL,200,OK,Groep 1 1-1,text,true,,217,249,1,1,http://localhost:5000/graphql,852,0,0
1603450035002,834,query4 PostgreSQL,200,OK,Groep 1 1-1,text,true,,217,249,1,1,http://localhost:5000/graphql,834,0,0
1603450035837,861,query4 PostgreSQL,200,OK,Groep 1 1-1,text,true,,217,249,1,1,http://localhost:5000/graphql,861,0,0
1603450036698,915,query4 PostgreSQL,200,OK,Groep 1 1-1,text,true,,217,249,1,1,http://localhost:5000/graphql,915,0,1
1603450037613,861,query4 PostgreSQL,200,OK,Groep 1 1-1,text,true,,217,249,1,1,http://localhost:5000/graphql,861,0,0
1603450038474,881,query4 PostgreSQL,200,OK,Groep 1 1-1,text,true,,217,249,1,1,http://localhost:5000/graphql,881,0,1
1603450039355,895,query4 PostgreSQL,200,OK,Groep 1 1-1,text,true,,217,249,1,1,http://localhost:5000/graphql,895,0,1
1603450040251,883,query4 PostgreSQL,200,OK,Groep 1 1-1,text,true,,217,249,1,1,http://localhost:5000/graphql,883,0,0
1603450041134,891,query4 PostgreSQL,200,OK,Groep 1 1-1,text,true,,217,249,1,1,http://localhost:5000/graphql,891,0,0
1603450042025,856,query4 PostgreSQL,200,OK,Groep 1 1-1,text,true,,217,249,1,1,http://localhost:5000/graphql,856,0,0
1603450042882,852,query4 PostgreSQL,200,OK,Groep 1 1-1,text,true,,217,249,1,1,http://localhost:5000/graphql,852,0,0
1603450043735,840,query4 PostgreSQL,200,OK,Groep 1 1-1,text,true,,217,249,1,1,http://localhost:5000/graphql,840,0,0
1603450044575,828,query4 PostgreSQL,200,OK,Groep 1 1-1,text,true,,217,249,1,1,http://localhost:5000/graphql,828,0,2
1603450045403,833,query4 PostgreSQL,200,OK,Groep 1 1-1,text,true,,217,249,1,1,http://localhost:5000/graphql,832,0,1
1603450046236,854,query4 PostgreSQL,200,OK,Groep 1 1-1,text,true,,217,249,1,1,http://localhost:5000/graphql,854,0,0
1603450047090,841,query4 PostgreSQL,200,OK,Groep 1 1-1,text,true,,217,249,1,1,http://localhost:5000/graphql,841,0,1
1603450047931,848,query4 PostgreSQL,200,OK,Groep 1 1-1,text,true,,217,249,1,1,http://localhost:5000/graphql,848,0,1
1603450048780,890,query4 PostgreSQL,200,OK,Groep 1 1-1,text,true,,217,249,1,1,http://localhost:5000/graphql,890,0,0
1603450049670,896,query4 PostgreSQL,200,OK,Groep 1 1-1,text,true,,217,249,1,1,http://localhost:5000/graphql,895,0,0
1603450050566,833,query4 PostgreSQL,200,OK,Groep 1 1-1,text,true,,217,249,1,1,http://localhost:5000/graphql,833,0,0
1603450051400,857,query4 PostgreSQL,200,OK,Groep 1 1-1,text,true,,217,249,1,1,http://localhost:5000/graphql,857,0,0
1603450052257,833,query4 PostgreSQL,200,OK,Groep 1 1-1,text,true,,217,249,1,1,http://localhost:5000/graphql,833,0,0
1603450053090,842,query4 PostgreSQL,200,OK,Groep 1 1-1,text,true,,217,249,1,1,http://localhost:5000/graphql,842,0,1
1603450053932,825,query4 PostgreSQL,200,OK,Groep 1 1-1,text,true,,217,249,1,1,http://localhost:5000/graphql,825,0,0
1603450054757,844,query4 PostgreSQL,200,OK,Groep 1 1-1,text,true,,217,249,1,1,http://localhost:5000/graphql,844,0,0
1603450055601,827,query4 PostgreSQL,200,OK,Groep 1 1-1,text,true,,217,249,1,1,http://localhost:5000/graphql,827,0,1
1603450056428,843,query4 PostgreSQL,200,OK,Groep 1 1-1,text,true,,217,249,1,1,http://localhost:5000/graphql,843,0,0
1603450057271,849,query4 PostgreSQL,200,OK,Groep 1 1-1,text,true,,217,249,1,1,http://localhost:5000/graphql,849,0,1
1603450058120,888,query4 PostgreSQL,200,OK,Groep 1 1-1,text,true,,217,249,1,1,http://localhost:5000/graphql,888,0,1
1603450059008,915,query4 PostgreSQL,200,OK,Groep 1 1-1,text,true,,217,249,1,1,http://localhost:5000/graphql,914,0,1
1603450059923,949,query4 PostgreSQL,200,OK,Groep 1 1-1,text,true,,217,249,1,1,http://localhost:5000/graphql,949,0,0
1603450060873,861,query4 PostgreSQL,200,OK,Groep 1 1-1,text,true,,217,249,1,1,http://localhost:5000/graphql,861,0,0
1603450061734,846,query4 PostgreSQL,200,OK,Groep 1 1-1,text,true,,217,249,1,1,http://localhost:5000/graphql,846,0,1
1603450062580,829,query4 PostgreSQL,200,OK,Groep 1 1-1,text,true,,217,249,1,1,http://localhost:5000/graphql,829,0,0
1603450063410,861,query4 PostgreSQL,200,OK,Groep 1 1-1,text,true,,217,249,1,1,http://localhost:5000/graphql,861,0,0
1603450064271,883,query4 PostgreSQL,200,OK,Groep 1 1-1,text,true,,217,249,1,1,http://localhost:5000/graphql,883,0,0
1603450065155,841,query4 PostgreSQL,200,OK,Groep 1 1-1,text,true,,217,249,1,1,http://localhost:5000/graphql,841,0,0
1603450065997,850,query4 PostgreSQL,200,OK,Groep 1 1-1,text,true,,217,249,1,1,http://localhost:5000/graphql,849,0,1
1603450066847,840,query4 PostgreSQL,200,OK,Groep 1 1-1,text,true,,217,249,1,1,http://localhost:5000/graphql,840,0,0
1603450067687,863,query4 PostgreSQL,200,OK,Groep 1 1-1,text,true,,217,249,1,1,http://localhost:5000/graphql,863,0,1
1603450068550,831,query4 PostgreSQL,200,OK,Groep 1 1-1,text,true,,217,249,1,1,http://localhost:5000/graphql,831,0,1
1603450069381,848,query4 PostgreSQL,200,OK,Groep 1 1-1,text,true,,217,249,1,1,http://localhost:5000/graphql,848,0,1
1603450070229,840,query4 PostgreSQL,200,OK,Groep 1 1-1,text,true,,217,249,1,1,http://localhost:5000/graphql,840,0,1
1603450071069,840,query4 PostgreSQL,200,OK,Groep 1 1-1,text,true,,217,249,1,1,http://localhost:5000/graphql,840,0,1
1603450071909,841,query4 PostgreSQL,200,OK,Groep 1 1-1,text,true,,217,249,1,1,http://localhost:5000/graphql,840,0,1
1603450072750,842,query4 PostgreSQL,200,OK,Groep 1 1-1,text,true,,217,249,1,1,http://localhost:5000/graphql,842,0,1
1603450073592,833,query4 PostgreSQL,200,OK,Groep 1 1-1,text,true,,217,249,1,1,http://localhost:5000/graphql,833,0,1
1603450074425,841,query4 PostgreSQL,200,OK,Groep 1 1-1,text,true,,217,249,1,1,http://localhost:5000/graphql,841,0,1
1603450075267,847,query4 PostgreSQL,200,OK,Groep 1 1-1,text,true,,217,249,1,1,http://localhost:5000/graphql,846,0,1
1603450076114,831,query4 PostgreSQL,200,OK,Groep 1 1-1,text,true,,217,249,1,1,http://localhost:5000/graphql,831,0,0
1603450076945,842,query4 PostgreSQL,200,OK,Groep 1 1-1,text,true,,217,249,1,1,http://localhost:5000/graphql,842,0,1
1603450077787,845,query4 PostgreSQL,200,OK,Groep 1 1-1,text,true,,217,249,1,1,http://localhost:5000/graphql,845,0,1
1603450078632,834,query4 PostgreSQL,200,OK,Groep 1 1-1,text,true,,217,249,1,1,http://localhost:5000/graphql,834,0,0
1603450079467,855,query4 PostgreSQL,200,OK,Groep 1 1-1,text,true,,217,249,1,1,http://localhost:5000/graphql,855,0,0
1603450080322,839,query4 PostgreSQL,200,OK,Groep 1 1-1,text,true,,217,249,1,1,http://localhost:5000/graphql,839,0,0
1603450081161,845,query4 PostgreSQL,200,OK,Groep 1 1-1,text,true,,217,249,1,1,http://localhost:5000/graphql,845,0,0
1603450082006,849,query4 PostgreSQL,200,OK,Groep 1 1-1,text,true,,217,249,1,1,http://localhost:5000/graphql,849,0,1
1603450082856,848,query4 PostgreSQL,200,OK,Groep 1 1-1,text,true,,217,249,1,1,http://localhost:5000/graphql,848,0,0
1603450083705,820,query4 PostgreSQL,200,OK,Groep 1 1-1,text,true,,217,249,1,1,http://localhost:5000/graphql,820,0,0
1603450084525,846,query4 PostgreSQL,200,OK,Groep 1 1-1,text,true,,217,249,1,1,http://localhost:5000/graphql,846,0,0
1603450085372,849,query4 PostgreSQL,200,OK,Groep 1 1-1,text,true,,217,249,1,1,http://localhost:5000/graphql,849,0,1
1603450086221,848,query4 PostgreSQL,200,OK,Groep 1 1-1,text,true,,217,249,1,1,http://localhost:5000/graphql,848,0,0
1603450087069,837,query4 PostgreSQL,200,OK,Groep 1 1-1,text,true,,217,249,1,1,http://localhost:5000/graphql,837,0,0
1603450087906,855,query4 PostgreSQL,200,OK,Groep 1 1-1,text,true,,217,249,1,1,http://localhost:5000/graphql,855,0,1
1603450088761,834,query4 PostgreSQL,200,OK,Groep 1 1-1,text,true,,217,249,1,1,http://localhost:5000/graphql,834,0,0
1603450089596,860,query4 PostgreSQL,200,OK,Groep 1 1-1,text,true,,217,249,1,1,http://localhost:5000/graphql,860,0,0
1603450090456,844,query4 PostgreSQL,200,OK,Groep 1 1-1,text,true,,217,249,1,1,http://localhost:5000/graphql,844,0,0
1603450091300,848,query4 PostgreSQL,200,OK,Groep 1 1-1,text,true,,217,249,1,1,http://localhost:5000/graphql,848,0,0
1603450092148,830,query4 PostgreSQL,200,OK,Groep 1 1-1,text,true,,217,249,1,1,http://localhost:5000/graphql,830,0,0
1603450092979,847,query4 PostgreSQL,200,OK,Groep 1 1-1,text,true,,217,249,1,1,http://localhost:5000/graphql,847,0,0
1603450093827,858,query4 PostgreSQL,200,OK,Groep 1 1-1,text,true,,217,249,1,1,http://localhost:5000/graphql,858,0,0
1603450094685,830,query4 PostgreSQL,200,OK,Groep 1 1-1,text,true,,217,249,1,1,http://localhost:5000/graphql,830,0,1
1603450095515,849,query4 PostgreSQL,200,OK,Groep 1 1-1,text,true,,217,249,1,1,http://localhost:5000/graphql,849,0,0
1603450096364,842,query4 PostgreSQL,200,OK,Groep 1 1-1,text,true,,217,249,1,1,http://localhost:5000/graphql,841,0,1
1603450097206,857,query4 PostgreSQL,200,OK,Groep 1 1-1,text,true,,217,249,1,1,http://localhost:5000/graphql,856,0,0
1603450098063,863,query4 PostgreSQL,200,OK,Groep 1 1-1,text,true,,217,249,1,1,http://localhost:5000/graphql,863,0,0
1603450098927,1019,query4 PostgreSQL,200,OK,Groep 1 1-1,text,true,,217,249,1,1,http://localhost:5000/graphql,1019,0,0
